 1.9000000E-01
0.0
0.0
0.0
0.0
 1.5002370E+00
0.0
0.0
0.0
0.0
0.0
0.0
0.0
0.0
 1.0000000E+00
0.0
0.0
0.0
0.0
0.0
0.0
0.0
0.0
0.0
0.0
 1.5002500E+00
 2.0007660E-01
0.0
0.0
0.0
0.0
0.0
0.0
0.0
0.0
0.0
0.0
0.0
0.0
0.0
0.0
0.0
0.0
0.0
0.0
0.0
0.0
0.0
0.0
0.0
0.0
0.0
0.0
 2.0221430E-01
0.0
0.0
0.0
0.0
 1.0000000E+00
 1.4996790E+00
 1.1100000E+00
0.0
0.0
0.0
 2.0107730E-01
0.0
0.0
0.0
 1.4997620E+00
0.0
0.0
0.0
0.0
0.0
0.0
 1.1267150E+00
0.0
 2.0107400E-01
 1.5100000E+00
 1.4996670E+00
0.0
0.0
0.0
0.0
0.0
0.0
0.0
0.0
 1.4999120E+00
 1.4999870E+00
 2.0109430E-01
 5.0001850E-01
 2.0001710E-01
0.0
 1.2561370E+00
 1.3561830E+00
 1.2561960E+00
 1.2561410E+00
 1.5004500E+00
0.0
 1.2100000E+00
0.0
 1.3062700E+00
