 3.0000000E+00
0.0
0.0
0.0
0.0
 1.6670000E+00
0.0
0.0
0.0
0.0
0.0
0.0
0.0
0.0
0.0
0.0
 1.1700000E+00
0.0
0.0
0.0
0.0
0.0
0.0
0.0
0.0
 1.6700000E+00
 1.6700000E+00
0.0
0.0
0.0
0.0
0.0
0.0
0.0
0.0
 1.0000000E+00
0.0
0.0
0.0
0.0
0.0
0.0
0.0
0.0
0.0
0.0
0.0
0.0
0.0
0.0
0.0
0.0
0.0
 1.0000000E+00
 1.1600000E+00
0.0
0.0
0.0
0.0
 1.5100000E+00
 9.9400000E-01
0.0
 9.9300000E-01
0.0
 8.2700000E-01
0.0
0.0
0.0
 1.0000000E+00
0.0
 1.2100000E+00
 9.9300000E-01
0.0
0.0
0.0
 8.3800000E-01
0.0
 8.8500000E-01
 1.3600000E+00
 1.6700000E+00
0.0
 1.1500000E+00
0.0
0.0
 9.9600000E-01
 9.4600000E-01
0.0
 9.4100000E-01
 7.3600000E-01
 1.6700000E+00
 1.6700000E+00
 1.6600000E+00
 1.0100000E+00
 1.0300000E+00
 8.6700000E-01
 8.0300000E-01
 7.9300000E-01
 1.6000000E+00
 1.1100000E+00
 1.1700000E+00
 9.1600000E-01
 8.5600000E-01
 1.0000000E+00
