 pp_0000               2.3046345670E+06      1.3973094425E+06      1                 1.2400000E-03
 pp_0001               2.3040817590E+06      1.3814790918E+06      1                 1.1600000E-03
 pp_0002               2.3199121097E+06      1.3809262837E+06      1                 1.1500000E-03
 pp_0003               2.3357424604E+06      1.3803734757E+06      1                 1.2400000E-03
 pp_0004               2.3515728111E+06      1.3798206677E+06      1                 1.2600000E-03
 pp_0005               2.2876986003E+06      1.3662015491E+06      1                 1.1600000E-03
 pp_0006               2.3035289510E+06      1.3656487411E+06      1                 1.1600000E-03
 pp_0007               2.3193593017E+06      1.3650959330E+06      1                 1.1500000E-03
 pp_0008               2.3351896524E+06      1.3645431250E+06      1                 1.2400000E-03
 pp_0009               2.3510200031E+06      1.3639903170E+06      1                 1.2600000E-03
 pp_0010               2.3668503538E+06      1.3634375090E+06      1                 1.2600000E-03
 pp_0011               2.3826807045E+06      1.3628847009E+06      1                 1.2600000E-03
 pp_0012               2.3985110552E+06      1.3623318929E+06      1                 1.2400000E-03
 pp_0013               2.4143414059E+06      1.3617790849E+06      1                 1.2700000E-03
 pp_0014               2.4301717566E+06      1.3612262768E+06      1                 1.1400000E-03
 pp_0015               2.2871457923E+06      1.3503711984E+06      1                 1.1800000E-03
 pp_0016               2.3029761430E+06      1.3498183904E+06      1                 1.1700000E-03
 pp_0017               2.3188064937E+06      1.3492655823E+06      1                 1.1300000E-03
 pp_0018               2.3346368444E+06      1.3487127743E+06      1                 1.2500000E-03
 pp_0019               2.3504671951E+06      1.3481599663E+06      1                 1.2600000E-03
 pp_0020               2.3662975458E+06      1.3476071583E+06      1                 1.2600000E-03
 pp_0021               2.3821278965E+06      1.3470543502E+06      1                 1.2500000E-03
 pp_0022               2.3979582472E+06      1.3465015422E+06      1                 1.2600001E-03
 pp_0023               2.4137885979E+06      1.3459487342E+06      1                 1.2700001E-03
 pp_0024               2.4296189486E+06      1.3453959261E+06      1                 1.2800000E-03
 pp_0025               2.4454492993E+06      1.3448431181E+06      1                 1.2100000E-03
 pp_0026               2.2865929842E+06      1.3345408477E+06      1                 1.2300000E-03
 pp_0027               2.3024233349E+06      1.3339880397E+06      1                 1.1900000E-03
 pp_0028               2.3182536856E+06      1.3334352316E+06      1                 1.1800000E-03
 pp_0029               2.3340840363E+06      1.3328824236E+06      1                 1.2700000E-03
 pp_0030               2.3499143870E+06      1.3323296156E+06      1                 1.2500001E-03
 pp_0031               2.3657447377E+06      1.3317768076E+06      1                 1.2700001E-03
 pp_0032               2.3815750884E+06      1.3312239995E+06      1                 1.2800001E-03
 pp_0033               2.3974054391E+06      1.3306711915E+06      1                 1.5300002E-03
 pp_0034               2.4132357898E+06      1.3301183835E+06      1                 2.0800000E-03
 pp_0035               2.4290661405E+06      1.3295655754E+06      1                 1.6200003E-03
 pp_0036               2.4448964912E+06      1.3290127674E+06      1                 1.1700001E-03
 pp_0037               2.3018705269E+06      1.3181576890E+06      1                 1.1699999E-03
 pp_0038               2.3177008776E+06      1.3176048809E+06      1                 1.2100000E-03
 pp_0039               2.3335312283E+06      1.3170520729E+06      1                 1.1700000E-03
 pp_0040               2.3493615790E+06      1.3164992649E+06      1                 1.2400000E-03
 pp_0041               2.3651919297E+06      1.3159464569E+06      1                 1.2800001E-03
 pp_0042               2.3810222804E+06      1.3153936488E+06      1                 1.3400000E-03
 pp_0043               2.3968526311E+06      1.3148408408E+06      1                 3.8999993E-03
 pp_0044               2.4126829818E+06      1.3142880328E+06      1                 2.4699989E-03
 pp_0045               2.4285133325E+06      1.3137352247E+06      1                 2.6300002E-03
 pp_0046               2.4443436832E+06      1.3131824167E+06      1                 1.2400002E-03
 pp_0047               2.4601740339E+06      1.3126296087E+06      1                 1.1700000E-03
 pp_0048               2.2854873682E+06      1.3028801463E+06      1                 1.1700000E-03
 pp_0049               2.3013177189E+06      1.3023273383E+06      1                 1.0800001E-03
 pp_0050               2.3171480696E+06      1.3017745302E+06      1                 1.1800001E-03
 pp_0051               2.3329784203E+06      1.3012217222E+06      1                 1.1500001E-03
 pp_0052               2.3488087710E+06      1.3006689142E+06      1                 1.2299998E-03
 pp_0053               2.3646391217E+06      1.3001161062E+06      1                 1.1499997E-03
 pp_0054               2.3804694724E+06      1.2995632981E+06      1                 1.2099999E-03
 pp_0055               2.3962998231E+06      1.2990104901E+06      1                 2.4299989E-03
 pp_0056               2.4121301738E+06      1.2984576821E+06      1                 2.0401464E-03
 pp_0057               2.4279605245E+06      1.2979048740E+06      1                 2.3900005E-03
 pp_0058               2.4437908752E+06      1.2973520660E+06      1                 1.2000002E-03
 pp_0059               2.4596212259E+06      1.2967992580E+06      1                 1.2600005E-03
 pp_0060               2.4754515766E+06      1.2962464500E+06      1                 1.1600001E-03
 pp_0061               2.2532738587E+06      1.2881554116E+06      1                 1.2300000E-03
 pp_0062               2.2691042094E+06      1.2876026036E+06      1                 1.2500000E-03
 pp_0063               2.2849345601E+06      1.2870497956E+06      1                 1.2200000E-03
 pp_0064               2.3007649108E+06      1.2864969876E+06      1                 1.2200000E-03
 pp_0065               2.3165952615E+06      1.2859441795E+06      1                 1.3100002E-03
 pp_0066               2.3324256122E+06      1.2853913715E+06      1                 1.2199997E-03
 pp_0067               2.3482559629E+06      1.2848385635E+06      1                 1.3501609E-03
 pp_0068               2.3640863136E+06      1.2842857555E+06      1                 1.3001550E-03
 pp_0069               2.3799166643E+06      1.2837329474E+06      1                 1.1199994E-03
 pp_0070               2.3957470150E+06      1.2831801394E+06      1                 1.4399993E-03
 pp_0071               2.4115773657E+06      1.2826273314E+06      1                 2.0600006E-03
 pp_0072               2.4274077164E+06      1.2820745233E+06      1                 1.7700008E-03
 pp_0073               2.4432380671E+06      1.2815217153E+06      1                 1.2900004E-03
 pp_0074               2.4590684178E+06      1.2809689073E+06      1                 1.2800002E-03
 pp_0075               2.4748987685E+06      1.2804160993E+06      1                 1.2500007E-03
 pp_0076               2.4907291192E+06      1.2798632912E+06      1                 1.1400000E-03
 pp_0077               2.3002121028E+06      1.2706666369E+06      1                 1.2000000E-03
 pp_0078               2.3160424535E+06      1.2701138288E+06      1                 1.3420232E-03
 pp_0079               2.3318728042E+06      1.2695610208E+06      1                 2.0593466E-03
 pp_0080               2.3477031549E+06      1.2690082128E+06      1                 4.6169252E-03
 pp_0081               2.3635335056E+06      1.2684554048E+06      1                 7.0709338E-04
 pp_0082               2.3793638563E+06      1.2679025967E+06      1                 9.1135705E-04
 pp_0083               2.3951942070E+06      1.2673497887E+06      1                 2.2993173E-03
 pp_0084               2.4110245577E+06      1.2667969807E+06      1                 1.6057676E-03
 pp_0085               2.4268549084E+06      1.2662441726E+06      1                 1.6177367E-03
 pp_0086               2.4426852591E+06      1.2656913646E+06      1                 1.4745566E-03
 pp_0087               2.4585156098E+06      1.2651385566E+06      1                 1.3500004E-03
 pp_0088               2.4743459605E+06      1.2645857486E+06      1                 1.2900005E-03
 pp_0089               2.4901763112E+06      1.2640329405E+06      1                 1.2800005E-03
 pp_0090               2.3154896455E+06      1.2542834781E+06      1                 1.2100001E-03
 pp_0091               2.3313199962E+06      1.2537306701E+06      1                 1.3300000E-03
 pp_0092               2.3471503469E+06      1.2531778621E+06      1                 1.2899991E-03
 pp_0093               2.3629806976E+06      1.2526250541E+06      1                 9.3413603E-04
 pp_0094               2.3788110483E+06      1.2520722460E+06      1                 7.7156184E-04
 pp_0095               2.3946413990E+06      1.2515194380E+06      1                 2.2315531E-03
 pp_0096               2.4104717497E+06      1.2509666300E+06      1                 1.2249312E-03
 pp_0097               2.4263021004E+06      1.2504138219E+06      1                 1.5994770E-03
 pp_0098               2.4421324511E+06      1.2498610139E+06      1                 1.5687804E-03
 pp_0099               2.4579628018E+06      1.2493082059E+06      1                 1.5147511E-03
 pp_0100               2.4737931525E+06      1.2487553979E+06      1                 1.5494127E-03
 pp_0101               2.4896235032E+06      1.2482025898E+06      1                 1.5200007E-03
 pp_0102               2.5054538539E+06      1.2476497818E+06      1                 1.2100001E-03
 pp_0103               2.3307671882E+06      1.2379003194E+06      1                 1.2600001E-03
 pp_0104               2.3465975389E+06      1.2373475114E+06      1                 1.2399999E-03
 pp_0105               2.3624278896E+06      1.2367947034E+06      1                 1.4399993E-03
 pp_0106               2.3782582403E+06      1.2362418953E+06      1                 1.8045463E-03
 pp_0107               2.3940885910E+06      1.2356890873E+06      1                 2.2415559E-03
 pp_0108               2.4099189417E+06      1.2351362793E+06      1                 2.2339931E-03
 pp_0109               2.4257492924E+06      1.2345834712E+06      1                 1.4952255E-03
 pp_0110               2.4415796431E+06      1.2340306632E+06      1                 1.6127862E-03
 pp_0111               2.4574099938E+06      1.2334778552E+06      1                 1.6598619E-03
 pp_0112               2.4732403445E+06      1.2329250472E+06      1                 1.9030047E-03
 pp_0113               2.4890706952E+06      1.2323722391E+06      1                 2.0180931E-03
 pp_0114               2.5049010459E+06      1.2318194311E+06      1                 1.4578399E-03
 pp_0115               2.3460447308E+06      1.2215171607E+06      1                 1.1800801E-03
 pp_0116               2.3618750815E+06      1.2209643527E+06      1                 1.2599998E-03
 pp_0117               2.3777054322E+06      1.2204115446E+06      1                 1.3099997E-03
 pp_0118               2.3935357829E+06      1.2198587366E+06      1                 1.2699999E-03
 pp_0119               2.4093661336E+06      1.2193059286E+06      1                 1.5664035E-03
 pp_0120               2.4251964843E+06      1.2187531205E+06      1                 1.4143953E-03
 pp_0121               2.4410268350E+06      1.2182003125E+06      1                 1.5430955E-03
 pp_0122               2.4568571857E+06      1.2176475045E+06      1                 1.5318990E-03
 pp_0123               2.4726875364E+06      1.2170946965E+06      1                 1.5272061E-03
 pp_0124               2.4885178871E+06      1.2165418884E+06      1                 1.5522750E-03
 pp_0125               2.5043482378E+06      1.2159890804E+06      1                 1.3937939E-03
 pp_0126               2.5201785885E+06      1.2154362724E+06      1                 1.2654863E-03
 pp_0127               2.3296615721E+06      1.2062396180E+06      1                 1.1799999E-03
 pp_0128               2.3454919228E+06      1.2056868100E+06      1                 1.1700795E-03
 pp_0129               2.3613222735E+06      1.2051340020E+06      1                 1.2300833E-03
 pp_0130               2.3771526242E+06      1.2045811939E+06      1                 1.3300000E-03
 pp_0131               2.3929829749E+06      1.2040283859E+06      1                 1.2871824E-03
 pp_0132               2.4088133256E+06      1.2034755779E+06      1                 1.3121676E-03
 pp_0133               2.4246436763E+06      1.2029227698E+06      1                 1.3549079E-03
 pp_0134               2.4404740270E+06      1.2023699618E+06      1                 1.3986039E-03
 pp_0135               2.4563043777E+06      1.2018171538E+06      1                 1.3833989E-03
 pp_0136               2.4721347284E+06      1.2012643458E+06      1                 1.3760391E-03
 pp_0137               2.4879650791E+06      1.2007115377E+06      1                 1.3843066E-03
 pp_0138               2.5037954298E+06      1.2001587297E+06      1                 1.3711940E-03
 pp_0139               2.5196257805E+06      1.1996059217E+06      1                 1.3701770E-03
 pp_0140               2.5354561312E+06      1.1990531137E+06      1                 1.4300002E-03
 pp_0141               2.3449391148E+06      1.1898564593E+06      1                 1.1999998E-03
 pp_0142               2.3607694655E+06      1.1893036513E+06      1                 1.2300833E-03
 pp_0143               2.3765998162E+06      1.1887508432E+06      1                 1.1900000E-03
 pp_0144               2.3924301669E+06      1.1881980352E+06      1                 1.2300002E-03
 pp_0145               2.4082605176E+06      1.1876452272E+06      1                 1.2862639E-03
 pp_0146               2.4240908683E+06      1.1870924191E+06      1                 1.3238124E-03
 pp_0147               2.4399212190E+06      1.1865396111E+06      1                 1.3288051E-03
 pp_0148               2.4557515697E+06      1.1859868031E+06      1                 1.3579345E-03
 pp_0149               2.4715819204E+06      1.1854339951E+06      1                 1.3546960E-03
 pp_0150               2.4874122711E+06      1.1848811870E+06      1                 1.3729856E-03
 pp_0151               2.5032426218E+06      1.1843283790E+06      1                 1.4023076E-03
 pp_0152               2.5190729725E+06      1.1837755710E+06      1                 1.3995818E-03
 pp_0153               2.5349033232E+06      1.1832227630E+06      1                 1.3900005E-03
 pp_0154               2.5507336739E+06      1.1826699549E+06      1                 1.3900003E-03
 pp_0155               2.5665640246E+06      1.1821171469E+06      1                 1.2200001E-03
 pp_0156               2.3602166575E+06      1.1734733006E+06      1                 1.5100000E-03
 pp_0157               2.3760470082E+06      1.1729204925E+06      1                 1.2100002E-03
 pp_0158               2.3918773589E+06      1.1723676845E+06      1                 1.2600003E-03
 pp_0159               2.4077077096E+06      1.1718148765E+06      1                 1.3000004E-03
 pp_0160               2.4235380603E+06      1.1712620684E+06      1                 1.3400005E-03
 pp_0161               2.4393684110E+06      1.1707092604E+06      1                 1.3600005E-03
 pp_0162               2.4551987617E+06      1.1701564524E+06      1                 1.3700005E-03
 pp_0163               2.4710291124E+06      1.1696036444E+06      1                 1.3800005E-03
 pp_0164               2.4868594631E+06      1.1690508363E+06      1                 1.3900005E-03
 pp_0165               2.5026898138E+06      1.1684980283E+06      1                 1.4100005E-03
 pp_0166               2.5185201645E+06      1.1679452203E+06      1                 1.4200005E-03
 pp_0167               2.5343505152E+06      1.1673924123E+06      1                 1.4200005E-03
 pp_0168               2.5501808659E+06      1.1668396042E+06      1                 1.3900004E-03
 pp_0169               2.5660112166E+06      1.1662867962E+06      1                 1.2400001E-03
 pp_0170               2.3754942001E+06      1.1570901418E+06      1                 1.2900002E-03
 pp_0171               2.3913245508E+06      1.1565373338E+06      1                 1.3300002E-03
 pp_0172               2.4071549015E+06      1.1559845258E+06      1                 1.2900003E-03
 pp_0173               2.4229852522E+06      1.1554317177E+06      1                 1.3900005E-03
 pp_0174               2.4388156029E+06      1.1548789097E+06      1                 1.3900005E-03
 pp_0175               2.4546459536E+06      1.1543261017E+06      1                 1.3800005E-03
 pp_0176               2.4704763043E+06      1.1537732937E+06      1                 1.3800005E-03
 pp_0177               2.4863066550E+06      1.1532204856E+06      1                 1.4000005E-03
 pp_0178               2.5021370057E+06      1.1526676776E+06      1                 1.4000005E-03
 pp_0179               2.5179673564E+06      1.1521148696E+06      1                 1.4300005E-03
 pp_0180               2.5337977071E+06      1.1515620616E+06      1                 1.4500004E-03
 pp_0181               2.5496280578E+06      1.1510092535E+06      1                 1.4000002E-03
 pp_0182               2.5654584085E+06      1.1504564455E+06      1                 1.2400001E-03
 pp_0183               2.3907717428E+06      1.1407069831E+06      1                 1.2700001E-03
 pp_0184               2.4066020935E+06      1.1401541751E+06      1                 1.3400002E-03
 pp_0185               2.4224324442E+06      1.1396013670E+06      1                 1.3600002E-03
 pp_0186               2.4382627949E+06      1.1390485590E+06      1                 1.4800003E-03
 pp_0187               2.4540931456E+06      1.1384957510E+06      1                 1.4100003E-03
 pp_0188               2.4699234963E+06      1.1379429430E+06      1                 1.4100005E-03
 pp_0189               2.4857538470E+06      1.1373901349E+06      1                 1.4000004E-03
 pp_0190               2.5015841977E+06      1.1368373269E+06      1                 1.4300004E-03
 pp_0191               2.5174145484E+06      1.1362845189E+06      1                 1.3900003E-03
 pp_0192               2.5332448991E+06      1.1357317109E+06      1                 1.4000001E-03
 pp_0193               2.5490752498E+06      1.1351789028E+06      1                 1.2500001E-03
 pp_0194               2.4377099869E+06      1.1232182083E+06      1                 1.4400002E-03
 pp_0195               2.4535403376E+06      1.1226654003E+06      1                 1.3700002E-03
 pp_0196               2.4693706883E+06      1.1221125923E+06      1                 1.3900002E-03
 pp_0197               2.5010313897E+06      1.1210069762E+06      1                 1.3500001E-03
 pp_0198               2.4371571788E+06      1.1073878576E+06      1                 1.3800001E-03
