 1.3805980E-01
0.0
0.0
0.0
0.0
 9.3851760E-01
0.0
0.0
0.0
0.0
0.0
0.0
0.0
0.0
 1.0000000E+00
0.0
 1.1643340E+00
0.0
0.0
0.0
0.0
0.0
0.0
0.0
0.0
 6.9499950E-01
 1.2085950E+00
0.0
0.0
0.0
0.0
0.0
0.0
0.0
0.0
 1.0000000E+00
0.0
0.0
0.0
0.0
0.0
0.0
0.0
0.0
0.0
0.0
0.0
0.0
0.0
0.0
0.0
0.0
0.0
 1.2600000E+00
 1.0421190E+00
0.0
0.0
0.0
 9.9999990E-01
 5.6906970E-01
 1.0100000E+00
0.0
 1.0100000E+00
0.0
 1.0841000E+00
0.0
0.0
0.0
 9.0306500E-01
0.0
 9.4793180E-01
 1.0000000E+00
0.0
0.0
0.0
 1.0129930E+00
0.0
 1.1979290E+00
 1.0855100E+00
 1.0900810E+00
0.0
 1.0000000E+00
0.0
0.0
 9.9201070E-01
 1.0100010E+00
0.0
 1.0200010E+00
 9.0584260E-01
 1.2086770E+00
 8.6181110E-01
 1.2056050E+00
 6.9581410E-01
 3.8900160E-01
 9.8000040E-01
 8.3206310E-01
 1.0241560E+00
 8.7176650E-01
 6.7459520E-01
 4.5703930E-01
 1.1099200E+00
 3.7500150E-01
 9.9775230E-01
