 5.0000000E-01
0.0
0.0
0.0
0.0
 8.0000000E-01
0.0
0.0
0.0
0.0
0.0
0.0
0.0
0.0
 1.0000000E+00
0.0
0.0
0.0
0.0
0.0
0.0
0.0
0.0
0.0
0.0
 1.0000000E+00
 1.0000000E+00
0.0
0.0
0.0
0.0
0.0
0.0
0.0
0.0
0.0
0.0
0.0
0.0
0.0
0.0
0.0
0.0
0.0
0.0
0.0
0.0
0.0
0.0
0.0
0.0
0.0
0.0
 1.0000000E+00
0.0
0.0
0.0
0.0
 1.0000000E+00
 1.0000000E+00
 1.0000000E+00
0.0
0.0
0.0
 1.0000000E+00
0.0
0.0
0.0
 1.0000000E+00
0.0
0.0
0.0
0.0
0.0
0.0
 1.0000000E+00
0.0
 1.0000000E+00
 1.0000000E+00
 1.0000000E+00
0.0
0.0
0.0
0.0
0.0
0.0
0.0
0.0
 1.0000000E+00
 1.0000000E+00
 1.0000000E+00
 1.0000000E+00
 1.2000000E+00
0.0
 1.0000000E+00
 1.0000000E+00
 1.0000000E+00
 1.0000000E+00
 1.0000000E+00
0.0
 1.0000000E+00
0.0
 1.0000000E+00
