 9.2500000E-01
0.0
0.0
0.0
0.0
 9.9626700E-01
0.0
0.0
0.0
0.0
0.0
0.0
0.0
0.0
 9.4100000E-01
0.0
 9.4100000E-01
0.0
0.0
0.0
0.0
0.0
0.0
0.0
0.0
 9.4100000E-01
 9.4100000E-01
0.0
0.0
0.0
0.0
0.0
0.0
0.0
0.0
 9.4100000E-01
0.0
0.0
0.0
0.0
0.0
0.0
0.0
0.0
0.0
0.0
0.0
0.0
0.0
0.0
0.0
0.0
0.0
 9.9380400E-01
 9.4100000E-01
0.0
0.0
0.0
 9.4100000E-01
 9.4100000E-01
 9.4100000E-01
0.0
 9.4100000E-01
0.0
 9.9641140E-01
0.0
0.0
0.0
 9.4100000E-01
0.0
 9.4100000E-01
 9.4100000E-01
0.0
0.0
0.0
 1.0058590E+00
0.0
 9.9564020E-01
 9.6555700E-01
 9.6001000E-01
0.0
 9.4100000E-01
0.0
0.0
 9.9674330E-01
 9.9675020E-01
0.0
 9.4100000E-01
 9.4100000E-01
 9.4100000E-01
 9.4100000E-01
 9.4100000E-01
 9.4100000E-01
 9.4100000E-01
 9.4100000E-01
 9.4100000E-01
 9.4100000E-01
 9.4100000E-01
 9.4100000E-01
 9.4100000E-01
 9.8787500E-01
 9.9628650E-01
 1.0025890E+00
