 2.9500000E-01
0.0
0.0
0.0
0.0
 1.2408460E+00
0.0
0.0
0.0
0.0
0.0
0.0
0.0
0.0
0.0
0.0
 2.1190140E-01
0.0
0.0
0.0
0.0
0.0
0.0
0.0
0.0
 1.0637700E+00
 1.0501720E+00
0.0
0.0
0.0
0.0
0.0
0.0
0.0
0.0
 1.0000100E+00
0.0
0.0
0.0
0.0
0.0
0.0
0.0
0.0
0.0
0.0
0.0
0.0
0.0
0.0
0.0
0.0
0.0
 7.8446480E-01
 2.1397270E-01
0.0
0.0
0.0
0.0
 6.9159470E-01
 9.9096260E-01
0.0
 1.0194950E+00
0.0
 7.4952960E-01
0.0
0.0
0.0
 9.0670510E-01
0.0
 6.6386300E-01
 1.1373250E+00
0.0
0.0
0.0
 6.2767760E-01
0.0
 6.8258400E-01
 8.7661150E-01
 8.7240672E-01
0.0
 2.0851260E-01
0.0
0.0
 1.0034550E+00
 7.4118070E-01
0.0
 2.0731750E-01
 1.0479120E+00
 1.0079840E+00
 8.7644490E-01
 9.1220300E-01
 4.3654420E-01
 2.9782230E-01
 3.0065170E-01
 8.0085120E-01
 3.0034110E-01
 1.0981760E+00
 2.6664070E-01
 2.0213520E-01
 9.0214440E-01
 2.2828360E-01
 1.3258900E+00
