 3.0000000E+00
0.0
0.0
0.0
0.0
 1.2800000E+00
0.0
0.0
0.0
0.0
0.0
0.0
0.0
0.0
 1.0000000E+00
0.0
 9.8700000E-01
0.0
0.0
0.0
0.0
0.0
0.0
0.0
0.0
 1.0100000E+00
 1.6700000E+00
0.0
0.0
0.0
0.0
0.0
0.0
0.0
0.0
 1.0000000E+00
0.0
0.0
0.0
0.0
0.0
0.0
0.0
0.0
0.0
0.0
0.0
0.0
0.0
0.0
0.0
0.0
0.0
 1.6700000E+00
 1.0400000E+00
0.0
0.0
0.0
 1.0000000E+00
 1.0600000E+00
 9.9500000E-01
0.0
 1.0000000E+00
0.0
 9.9700000E-01
0.0
0.0
0.0
 1.0600000E+00
0.0
 9.4500000E-01
 9.9900000E-01
0.0
0.0
0.0
 1.6700000E+00
0.0
 1.5400000E+00
 1.1300000E+00
 1.1700000E+00
0.0
 1.0100000E+00
0.0
0.0
 1.0000000E+00
 1.0000000E+00
0.0
 9.6100000E-01
 9.7300000E-01
 1.2700000E+00
 7.8200000E-01
 1.5900000E+00
 1.6000000E+00
 1.2000000E+00
 9.8000000E-01
 9.7700000E-01
 1.0200000E+00
 9.4400000E-01
 1.0500000E+00
 8.8200000E-01
 1.5800000E+00
 1.0700000E+00
 1.3000000E+00
