 pp_0000               2.2899098324E+06      1.4295229519E+06      1                 1.5096230E+02
 pp_0001               2.2893570244E+06      1.4136926012E+06      1                 7.9509100E+01
 pp_0002               2.3051873751E+06      1.4131397932E+06      1                 9.3210320E+01
 pp_0003               2.3046345670E+06      1.3973094425E+06      1                 8.5209480E+01
 pp_0004               2.3204649177E+06      1.3967566344E+06      1                 8.6309530E+01
 pp_0005               2.3362952684E+06      1.3962038264E+06      1                 1.4999990E+02
 pp_0006               2.2882514083E+06      1.3820318998E+06      1                 1.2700660E+02
 pp_0007               2.3040817590E+06      1.3814790918E+06      1                 1.3701520E+02
 pp_0008               2.3199121097E+06      1.3809262837E+06      1                 8.7105850E+01
 pp_0009               2.3357424604E+06      1.3803734757E+06      1                 5.3303600E+01
 pp_0010               2.3515728111E+06      1.3798206677E+06      1                 3.1702130E+02
 pp_0011               2.2876986003E+06      1.3662015491E+06      1                 3.4603840E+01
 pp_0012               2.3035289510E+06      1.3656487411E+06      1                 1.4500980E+00
 pp_0013               2.3193593017E+06      1.3650959330E+06      1                 5.9103990E+00
 pp_0014               2.3351896524E+06      1.3645431250E+06      1                 1.6001080E+00
 pp_0015               2.3510200031E+06      1.3639903170E+06      1                 2.9703280E+02
 pp_0016               2.3668503538E+06      1.3634375090E+06      1                 2.4402690E+02
 pp_0017               2.3826807045E+06      1.3628847009E+06      1                 3.6502450E+02
 pp_0018               2.3985110552E+06      1.3623318929E+06      1                 3.2999980E+02
 pp_0019               2.4143414059E+06      1.3617790849E+06      1                 3.1200000E+02
 pp_0020               2.4301717566E+06      1.3612262768E+06      1                 1.6200000E+02
 pp_0021               2.2871457923E+06      1.3503711984E+06      1                 7.9605430E-01
 pp_0022               2.3029761430E+06      1.3498183904E+06      1                 4.0202720E+00
 pp_0023               2.3188064937E+06      1.3492655823E+06      1                 5.6103780E+00
 pp_0024               2.3346368444E+06      1.3487127743E+06      1                 9.3606270E-01
 pp_0025               2.3504671951E+06      1.3481599663E+06      1                 1.8305320E+01
 pp_0026               2.3662975458E+06      1.3476071583E+06      1                 1.9000930E+02
 pp_0027               2.3821278965E+06      1.3470543502E+06      1                 3.9002630E+02
 pp_0028               2.2707626335E+06      1.3350936557E+06      1                 2.0101410E+01
 pp_0029               2.2865929842E+06      1.3345408477E+06      1                 1.3200890E+01
 pp_0030               2.3024233349E+06      1.3339880397E+06      1                 6.2604210E+00
 pp_0031               2.3182536856E+06      1.3334352316E+06      1                 4.0602710E+01
 pp_0032               2.3340840363E+06      1.3328824236E+06      1                 9.4210330E+01
 pp_0033               2.3499143870E+06      1.3323296156E+06      1                 6.4107020E+01
 pp_0034               2.3657447377E+06      1.3317768076E+06      1                 8.1008860E+01
 pp_0035               2.3815750884E+06      1.3312239995E+06      1                 1.5201020E+01
 pp_0036               2.2860401762E+06      1.3187104970E+06      1                 5.9003960E-01
 pp_0037               2.3018705269E+06      1.3181576890E+06      1                 3.0303310E+00
 pp_0038               2.3177008776E+06      1.3176048809E+06      1                 1.0800730E-01
 pp_0039               2.3335312283E+06      1.3170520729E+06      1                 3.5403910E+01
 pp_0040               2.3493615790E+06      1.3164992649E+06      1                 5.1405700E+01
 pp_0041               2.3651919297E+06      1.3159464569E+06      1                 8.4109200E+01
 pp_0042               2.3810222804E+06      1.3153936488E+06      1                 2.1401420E+02
 pp_0043               2.3968526311E+06      1.3148408408E+06      1                 2.8699990E+02
 pp_0044               2.2854873682E+06      1.3028801463E+06      1                 3.5003820E-01
 pp_0045               2.3013177189E+06      1.3023273383E+06      1                 7.4703660E+01
 pp_0046               2.3171480696E+06      1.3017745302E+06      1                 2.4201200E+02
 pp_0047               2.3329784203E+06      1.3012217222E+06      1                 6.6907490E+01
 pp_0048               2.3488087710E+06      1.3006689142E+06      1                 3.1991920E+02
 pp_0049               2.3646391217E+06      1.3001161062E+06      1                 8.9004470E+01
 pp_0050               2.3804694724E+06      1.2995632981E+06      1                 4.3902960E+00
 pp_0051               2.3962998231E+06      1.2990104901E+06      1                 1.4300030E+00
 pp_0052               2.4121301738E+06      1.2984576821E+06      1                 8.3210590E+00
 pp_0053               2.3007649108E+06      1.2864969876E+06      1                 6.4501320E+00
 pp_0054               2.3165952615E+06      1.2859441795E+06      1                 1.0599040E+01
 pp_0055               2.3324256122E+06      1.2853913715E+06      1                 1.0199540E+01
 pp_0056               2.3482559629E+06      1.2848385635E+06      1                 5.7002780E+01
 pp_0057               2.3640863136E+06      1.2842857555E+06      1                 1.2994780E+03
 pp_0058               2.3799166643E+06      1.2837329474E+06      1                 2.4097560E+02
 pp_0059               2.3957470150E+06      1.2831801394E+06      1                 2.8207570E+00
 pp_0060               2.4115773657E+06      1.2826273314E+06      1                 1.1900780E+01
 pp_0061               2.4274077164E+06      1.2820745233E+06      1                 2.0401870E+02
 pp_0062               2.3002121028E+06      1.2706666369E+06      1                 8.3201620E+01
 pp_0063               2.3160424535E+06      1.2701138288E+06      1                 1.5098970E+02
 pp_0064               2.3318728042E+06      1.2695610208E+06      1                 3.2298770E+01
 pp_0065               2.3477031549E+06      1.2690082128E+06      1                 8.2794770E-01
 pp_0066               2.3635335056E+06      1.2684554048E+06      1                 2.0799020E+02
 pp_0067               2.3793638563E+06      1.2679025967E+06      1                 1.2998390E+02
 pp_0068               2.3951942070E+06      1.2673497887E+06      1                 5.5417780E+01
 pp_0069               2.4110245577E+06      1.2667969807E+06      1                 5.3721940E+01
 pp_0070               2.4268549084E+06      1.2662441726E+06      1                 3.6606370E+02
 pp_0071               2.3313199962E+06      1.2537306701E+06      1                 1.5000180E+02
 pp_0072               2.3471503469E+06      1.2531778621E+06      1                 1.0199000E+01
 pp_0073               2.3629806976E+06      1.2526250541E+06      1                 5.9306190E-01
 pp_0074               2.3788110483E+06      1.2520722460E+06      1                 2.2699240E+00
 pp_0075               2.3946413990E+06      1.2515194380E+06      1                 1.0402910E+02
 pp_0076               2.4104717497E+06      1.2509666300E+06      1                 1.1603750E+02
 pp_0077               2.4263021004E+06      1.2504138219E+06      1                 1.1700060E+02
 pp_0078               2.4421324511E+06      1.2498610139E+06      1                 3.7733710E+02
 pp_0079               2.5054538539E+06      1.2476497818E+06      1                 5.2974900E+02
 pp_0080               2.3307671882E+06      1.2379003194E+06      1                 1.0909820E+02
 pp_0081               2.3465975389E+06      1.2373475114E+06      1                 4.8017680E+02
 pp_0082               2.3624278896E+06      1.2367947034E+06      1                 2.2402700E+02
 pp_0083               2.3782582403E+06      1.2362418953E+06      1                 2.8849263E-02
 pp_0084               2.3940885910E+06      1.2356890873E+06      1                 1.2423550E-01
 pp_0085               2.4099189417E+06      1.2351362793E+06      1                 3.5075680E+01
 pp_0086               2.4257492924E+06      1.2345834712E+06      1                 1.0076210E+02
 pp_0087               2.4415796431E+06      1.2340306632E+06      1                 1.0300490E+02
 pp_0088               2.4574099938E+06      1.2334778552E+06      1                 2.3799630E+02
 pp_0089               2.5049010459E+06      1.2318194311E+06      1                 2.6903170E+02
 pp_0090               2.3460447308E+06      1.2215171607E+06      1                 3.6401450E+01
 pp_0091               2.3618750815E+06      1.2209643527E+06      1                 7.5992360E+01
 pp_0092               2.3777054322E+06      1.2204115446E+06      1                 9.4921150E+01
 pp_0093               2.3935357829E+06      1.2198587366E+06      1                 1.2267010E+02
 pp_0094               2.4093661336E+06      1.2193059286E+06      1                 2.7733280E+01
 pp_0095               2.4251964843E+06      1.2187531205E+06      1                 5.5320960E+02
 pp_0096               2.4410268350E+06      1.2182003125E+06      1                 7.3139440E+01
 pp_0097               2.4568571857E+06      1.2176475045E+06      1                 2.5500000E+02
 pp_0098               2.4885178871E+06      1.2165418884E+06      1                 1.9966880E+02
 pp_0099               2.5043482378E+06      1.2159890804E+06      1                 1.7545300E+02
 pp_0100               2.5201785885E+06      1.2154362724E+06      1                 3.1206200E+02
 pp_0101               2.3613222735E+06      1.2051340020E+06      1                 1.0999900E+03
 pp_0102               2.3771526242E+06      1.2045811939E+06      1                 1.3795590E+03
 pp_0103               2.3929829749E+06      1.2040283859E+06      1                 4.6507450E+02
 pp_0104               2.4088133256E+06      1.2034755779E+06      1                 5.9313240E+01
 pp_0105               2.4246436763E+06      1.2029227698E+06      1                 2.5804740E+01
 pp_0106               2.4404740270E+06      1.2023699618E+06      1                 1.0402880E+02
 pp_0107               2.4563043777E+06      1.2018171538E+06      1                 8.8583890E+01
 pp_0108               2.4721347284E+06      1.2012643458E+06      1                 8.0590180E+01
 pp_0109               2.4879650791E+06      1.2007115377E+06      1                 1.1830570E+02
 pp_0110               2.5037954298E+06      1.2001587297E+06      1                 4.4010830E+02
 pp_0111               2.5196257805E+06      1.1996059217E+06      1                 5.2669210E+02
 pp_0112               2.5354561312E+06      1.1990531137E+06      1                 4.0199850E+02
 pp_0113               2.3449391148E+06      1.1898564593E+06      1                 1.5100000E+02
 pp_0114               2.3607694655E+06      1.1893036513E+06      1                 7.0217490E+01
 pp_0115               2.3765998162E+06      1.1887508432E+06      1                 5.2393410E+00
 pp_0116               2.3924301669E+06      1.1881980352E+06      1                 8.3522070E+02
 pp_0117               2.4082605176E+06      1.1876452272E+06      1                 2.4505110E+02
 pp_0118               2.4240908683E+06      1.1870924191E+06      1                 2.8605600E+02
 pp_0119               2.4399212190E+06      1.1865396111E+06      1                 5.2582930E+01
 pp_0120               2.4557515697E+06      1.1859868031E+06      1                 1.2303340E+02
 pp_0121               2.4715819204E+06      1.1854339951E+06      1                 1.3647740E+02
 pp_0122               2.4874122711E+06      1.1848811870E+06      1                 8.9589260E+01
 pp_0123               2.5032426218E+06      1.1843283790E+06      1                 3.9766770E+02
 pp_0124               2.5190729725E+06      1.1837755710E+06      1                 3.9281960E+02
 pp_0125               2.5349033232E+06      1.1832227630E+06      1                 3.9443910E+02
 pp_0126               2.5507336739E+06      1.1826699549E+06      1                 1.4438990E+02
 pp_0127               2.5665640246E+06      1.1821171469E+06      1                 1.4600000E+00
 pp_0128               2.3602166575E+06      1.1734733006E+06      1                 3.0689360E+00
 pp_0129               2.3760470082E+06      1.1729204925E+06      1                 2.1993530E+02
 pp_0130               2.3918773589E+06      1.1723676845E+06      1                 2.0794090E+02
 pp_0131               2.4077077096E+06      1.1718148765E+06      1                 5.5658380E+01
 pp_0132               2.4235380603E+06      1.1712620684E+06      1                 1.5100000E+02
 pp_0133               2.4393684110E+06      1.1707092604E+06      1                 1.2894630E+02
 pp_0134               2.4551987617E+06      1.1701564524E+06      1                 1.4209520E+02
 pp_0135               2.4710291124E+06      1.1696036444E+06      1                 8.9911610E+01
 pp_0136               2.4868594631E+06      1.1690508363E+06      1                 9.5937550E+01
 pp_0137               2.5026898138E+06      1.1684980283E+06      1                 8.6023090E+01
 pp_0138               2.5185201645E+06      1.1679452203E+06      1                 2.6208170E+02
 pp_0139               2.5343505152E+06      1.1673924123E+06      1                 1.4368320E+02
 pp_0140               2.5501808659E+06      1.1668396042E+06      1                 1.4500000E+00
 pp_0141               2.5660112166E+06      1.1662867962E+06      1                 3.8700000E+00
 pp_0142               2.3754942001E+06      1.1570901418E+06      1                 3.0003023E-02
 pp_0143               2.3913245508E+06      1.1565373338E+06      1                 1.7798990E+02
 pp_0144               2.4071549015E+06      1.1559845258E+06      1                 1.6598960E+02
 pp_0145               2.4229852522E+06      1.1554317177E+06      1                 1.5100000E+02
 pp_0146               2.4388156029E+06      1.1548789097E+06      1                 1.1295510E+02
 pp_0147               2.4546459536E+06      1.1543261017E+06      1                 8.7854950E+01
 pp_0148               2.4704763043E+06      1.1537732937E+06      1                 9.4677560E+01
 pp_0149               2.4863066550E+06      1.1532204856E+06      1                 1.1679190E+02
 pp_0150               2.5021370057E+06      1.1526676776E+06      1                 1.3917810E+02
 pp_0151               2.5179673564E+06      1.1521148696E+06      1                 1.3219780E+02
 pp_0152               2.5337977071E+06      1.1515620616E+06      1                 3.5010180E+02
 pp_0153               2.5496280578E+06      1.1510092535E+06      1                 3.8900000E+02
 pp_0154               2.5654584085E+06      1.1504564455E+06      1                 3.7200000E+00
 pp_0155               2.3907717428E+06      1.1407069831E+06      1                 6.1397180E-01
 pp_0156               2.4066020935E+06      1.1401541751E+06      1                 1.1799030E+01
 pp_0157               2.4224324442E+06      1.1396013670E+06      1                 1.3098350E+02
 pp_0158               2.4382627949E+06      1.1390485590E+06      1                 1.5095100E+02
 pp_0159               2.4540931456E+06      1.1384957510E+06      1                 1.4801360E+02
 pp_0160               2.4699234963E+06      1.1379429430E+06      1                 1.5495910E+02
 pp_0161               2.4857538470E+06      1.1373901349E+06      1                 1.5199940E+02
 pp_0162               2.5015841977E+06      1.1368373269E+06      1                 1.5099980E+02
 pp_0163               2.5174145484E+06      1.1362845189E+06      1                 1.5299990E+02
 pp_0164               2.5332448991E+06      1.1357317109E+06      1                 3.4999990E+02
 pp_0165               2.5490752498E+06      1.1351789028E+06      1                 3.6000000E+02
 pp_0166               2.4377099869E+06      1.1232182083E+06      1                 1.9998880E+02
 pp_0167               2.4535403376E+06      1.1226654003E+06      1                 2.6802590E+01
 pp_0168               2.4693706883E+06      1.1221125923E+06      1                 3.3402080E+01
 pp_0169               2.5010313897E+06      1.1210069762E+06      1                 1.5000000E+00
 pp_0170               2.4371571788E+06      1.1073878576E+06      1                 4.3200140E+00
