0.0
31.0	
59.0	
90.0	
120.0
151.0
181.0
212.0
243.0
273.0
304.0
334.0
365.0
396.0
424.0
455.0
485.0
516.0
546.0
577.0
608.0
638.0
669.0
699.0
730.0
761.0
789.0
820.0
850.0
881.0
911.0
942.0
973.0
1003.0
1034.0
1064.0
1095.0
1126.0
1154.0
1185.0
1215.0
1246.0
1276.0
1307.0
1338.0
1368.0
1399.0
1429.0
1460.0
1491.0
1519.0
1550.0
1580.0
1611.0
1641.0
1672.0
1703.0
1733.0
1764.0
1794.0
1825.0
1856.0
1884.0
1915.0
1945.0
1976.0
2006.0
2037.0
2068.0
2098.0
2129.0
2159.0
2190.0
2221.0
2249.0
2280.0
2310.0
2341.0
2371.0
2402.0
2433.0
2463.0
2494.0
2524.0
2555.0
2586.0
2614.0
2645.0
2675.0
2706.0
2736.0
2767.0
2798.0
2828.0
2859.0
2889.0
2920.0
2951.0
2979.0
3010.0
3040.0
3071.0
3101.0
3132.0
3163.0
3193.0
3224.0
3254.0
3285.0
3316.0
3344.0
3375.0
3405.0
3436.0
3466.0
3497.0
3528.0
3558.0
3589.0
3619.0
3650.0